821 1
392 2
550 2
285 1
81 1
41 1
215 2
292 1
717 1
836 1
182 1
152 1
700 2
43 1
234 1
652 1
632 1
929 2
840 1
780 1
964 3
377 1
742 2
733 3
861 1
858 1
504 2
404 2
269 3
526 1
573 1
156 1
307 2
841 2
857 1
517 1
582 1
972 1
531 1
866 1
479 2
131 2
722 1
429 1
989 2
160 1
625 2
132 1
987 2
945 2
738 2
830 1
883 1
346 1
40 1
681 1
380 1
535 2
677 1
813 1
862 2
424 2
113 1
950 1
774 1
602 2
247 1
678 1
329 2
547 1
687 1
645 1
676 1
436 1
569 2
729 1
706 1
213 1
946 2
195 2
394 1
501 1
587 2
315 1
482 1
231 1
31 3
467 2
280 1
810 1
740 1
914 1
919 1
145 1
17 1
819 2
839 1
54 1
241 1
367 2
782 1
22 1
64 1
718 2
257 2
161 2
701 1
35 1
936 1
96 1
240 2
930 1
293 1
646 1
287 3
498 2
191 1
599 3
905 3
488 1
10 1
659 1
622 1
42 1
481 2
347 1
244 1
69 1
249 1
196 1
654 1
668 1
464 1
724 2
749 2
450 2
650 1
932 1
748 1
353 1
26 2
119 1
338 1
47 2
567 2
949 2
686 1
614 1
986 2
20 2
692 1
250 1
596 1
72 1
273 1
507 1
594 1
443 1
609 1
629 1
667 1
545 1
321 1
185 1
657 2
571 1
709 3
439 2
330 1
688 1
470 3
259 2
134 2
806 1
732 2
519 3
720 1
799 1
320 2
181 1
375 1
323 1
158 1
432 2
289 1
337 2
262 1
521 1
438 1
205 1
912 1
248 1
588 2
384 2
846 1
961 1
661 1
219 1
505 3
291 2
988 1
154 2
885 1
665 1
843 1
726 1
278 1
674 1
90 1
891 1
750 1
811 1
996 1
933 1
149 1
27 1
931 1
852 3
920 1
673 1
460 1
468 1
899 1
639 1
679 2
927 1
934 1
954 1
897 1
794 2
263 1
719 1
222 1
911 1
453 1
427 1
306 1
637 1
823 1
937 1
159 1
472 1
775 1
735 1
867 2
595 1
765 1
607 1
558 1
189 2
539 1
387 3
605 1
120 1
499 1
500 1
343 2
909 1
78 2
251 1
704 2
389 1
578 1
412 1
465 2
0 1
62 1
153 1
771 1
277 1
890 2
757 1
53 1
396 2
34 1
109 1
475 1
361 1
968 2
532 1
894 1
7 1
523 1
555 1
56 2
135 1
947 1
958 1
415 2
808 3
166 1
357 1
918 1
417 1
736 1
201 2
103 1
955 1
492 2
374 2
216 1
401 1
502 1
276 1
324 2
25 1
237 1
916 1
217 1
889 1
48 1
648 2
454 1
376 1
133 1
102 1
516 1
773 1
326 1
59 1
715 1
485 1
57 1
410 1
669 1
619 1
178 1
9 1
854 1
787 2
564 1
925 1
5 1
66 1
999 1
486 1
179 1
666 1
902 1
451 1
597 1
229 1
209 1
900 1
23 1
2 1
703 1
551 1
828 1
640 1
785 1
14 1
784 1
814 1
763 1
664 1
55 1
391 1
137 1
478 1
923 1
503 1
252 1
746 1
30 1
220 1
626 1
227 1
924 1
510 1
458 1
235 1
647 1
76 1
941 1
136 1
44 1
497 1
206 1
144 1
868 1
390 1
994 1
553 1
699 1
171 1
860 1
345 1
296 1
781 1
82 1
721 1
456 1
712 1
713 1
283 1
21 1
