453575833
072197132
947972659
246938201
136163496
755655589
380983145
111071351
572831711
133154991
327798949
979921838
158880851
147495924
027255683
206971649
133449961
169038516
670430660
612859795
625446144
971929181
763336284
452485852
068830099
970968735
474532052
501140764
652186160
169667698
780753814
106499968
285314230
701452136
625684439
765682247
690027713
821785191
610092730
685645452
355142657
036373083
730671409
919046737
068048638
307983014
090160080
999000686
478753864
182970811
486967276
214217849
143375297
960749096
827973162
842853134
949331533
954761177
769287571
434384887
879502569
426553152
104012056
359888997
505903622
904368799
078342316
939754193
376025502
095241147
604792359
176096139
015849822
916463672
544125934
501803062
254950523
511634961
475397935
557688790
360826950
003045550
258007283
776276667
038889360
703425782
539433385
611373961
214978833
344142398
549012822
437948954
914216091
620131215
284953854
073042923
332493301
538437529
621436595
261157692
125329799
992721322
398923447
578927903
964630092
196066212
593317149
254269329
067745199
245357079
481611549
642077113
345195835
596973985
113061390
050550458
992700849
540043644
204600708
723322843
686366572
762887169
282298145
823351065
952920839
163761718
247035764
885250090
242704348
728952131
614794637
235796858
981090476
720959623
039533152
127808244
064958064
121266936
679164599
382920345
685684778
018412248
326159677
482557939
425318058
645999678
488451547
020804003
329973489
234750066
655865024
853705610
559431807
749241968
986129937
053931086
353541977
717254927
838432712
407154034
740505586
016933207
767375235
622227368
309626003
170395510
251944495
799300997
039250048
101953552
648078851
270847919
984382856
809127789
596816769
225528780
597100699
800748597
201522231
808667055
863292884
424261960
470184633
354057207
518972179
701765985
433098697
179288184
076172389
103557974
458837031
466051118
960764139
534874352
415457053
442756947
820919989
396162610
181998973
280997384
529088016
388236398
443740607
211805689
731914986
788794171
867695521
770720702
371276239
469061934
120842796
850727581
198730869
031680298
733335481
775119809
943627535
343668267
111336049
269080971
547640129
340500241
581722152
464822328
467964018
315320040
843969928
739839160
297278209
325534403
074651289
149887008
257940794
869334083
186981811
451324235
102970305
409966371
780573339
535825781
229926189
145632558
213077170
242460163
554045446
454061221
605848891
082787144
993722924
997295683
997661191
247943202
577789689
958360644
424007846
447281310
593344904
008845815
329194594
971194460
990390290
241434727
901708431
219004757
114233636
558687870
307832381
109525440
694507862
357902908
904925103
216854319
098647384
370966847
350118814
244321996
600032150
068696840
148078922
153995580
772050314
080983906
440564576
403269712
511538488
624604221
597173311
213271220
169834589
864361214
306865039
976429079
776033221
969289548
002491207
248053760
648409982
853363584
267409686
324945961
888005117
133517147
784720054
550569411
200892684
152130228
342378139
331540369
751184526
351891464
784703619
794473164
358986310
697363785
886647983
683103574
890665638
908690183
171804878
276394429
352454552
124006116
901314573
550248620
510634659
953286960
366141232
781829186
288306141
859036248
054879400
892273889
205401814
858428154
111195032
719658608
406942341
279151959
621346893
003482666
811090267
636020413
757610140
566186808
415084735
627624587
160362933
436965423
447751763
273905955
766063615
274990702
698948961
787649010
523205338
521402631
738594335
180641150
984871043
730169136
804534069
234199502
531633271
593648134
446777760
327953666
624294441
293267283
175054881
242478390
446263322
937196939
839855170
179897161
974587046
719296600
345098132
392479729
389550408
038468025
954658688
496945562
443628550
160888068
866373192
003843908
173607096
975533402
141397759
394117708
387986477
069619671
316152294
283775932
224840713
443312862
142540666
298314325
254233962
314665288
156462155
212867749
278458468
175215351
189448807
683715530
112691470
648733116
021150791
237764698
735625511
814845502
112007029
550242259
384480675
139065191
943700129
918375554
244856995
536276965
480584100
754777847
209280822
623366421
374013101
590837268
520828851
246566490
707254771
792985240
046937984
670886314
838671552
487673696
074753528
805940247
042953177
144729212
831009363
698319470
212412464
154117486
933192725
299001313
556015732
196570442
844544861
942943792
953429981
131057199
132258473
841321812
552453760
329762249
494550537
237659270
942999750
831793959
657884695
974309225
738040170
897064883
292421264
443378169
861126180
117795581
673870831
330388852
758240684
509859664
001308707
746025654
294001622
607984247
709438612
072596407
320478543
446732107
879713971
052887331
498536955
210015931
509686094
622634770
811397880
214103117
090246721
803175106
543965487
966518588
803849362
135162714
957317511
947183897
626133826
986528693
374739437
015545953
613177092
396752254